Philadelphia-Camden-Wilmington, PA-NJ-DE-MD — Score Report
============================================================

White–Black Comparison
  Year           edge_1      half_edge_1          moran_P  dissimilarity_1      skew_self_1     skew_other_1
------------------------------------------------------------------------------------------------------------
  1990           0.6343           0.7482           0.8666           0.7897           0.3897           0.8790
  2000           0.6105           0.7310           0.8802           0.7411           0.3747           0.8464
  2010           0.5978           0.7252           0.8798           0.7093           0.3826           0.8131
  2020           0.5898           0.7235           0.8707           0.6760           0.3984           0.7811
------------------------------------------------------------------------------------------------------------
  Mean           0.6081           0.7320           0.8743           0.7290           0.3864           0.8299
Median           0.6042           0.7281           0.8752           0.7252           0.3861           0.8297
   Min           0.5898           0.7235           0.8666           0.6760           0.3747           0.7811
   Max           0.6343           0.7482           0.8802           0.7897           0.3984           0.8790
   Std           0.0194           0.0113           0.0068           0.0484           0.0101           0.0422

White–POC Comparison
  Year           edge_1      half_edge_1          moran_P  dissimilarity_1      skew_self_1     skew_other_1
------------------------------------------------------------------------------------------------------------
  1990           0.5753           0.7013           0.8695           0.7072           0.3397           0.8108
  2000           0.5380           0.6775           0.8773           0.6369           0.3392           0.7368
  2010           0.5087           0.6621           0.8656           0.5804           0.3639           0.6536
  2020           0.4730           0.6377           0.8410           0.5077           0.3877           0.5583
------------------------------------------------------------------------------------------------------------
  Mean           0.5237           0.6696           0.8633           0.6081           0.3576           0.6899
Median           0.5234           0.6698           0.8675           0.6086           0.3518           0.6952
   Min           0.4730           0.6377           0.8410           0.5077           0.3392           0.5583
   Max           0.5753           0.7013           0.8773           0.7072           0.3877           0.8108
   Std           0.0434           0.0267           0.0156           0.0847           0.0232           0.1087
