Philadelphia-Camden-Wilmington, PA-NJ-DE-MD — Score Report
============================================================

White–Black Comparison
  Year           edge_1      half_edge_1          moran_P  dissimilarity_1      skew_self_1     skew_other_1
------------------------------------------------------------------------------------------------------------
  1980           0.6632           0.7830           0.7296           0.7719           0.4814           0.8451
  1990           0.6604           0.7806           0.7587           0.7520           0.4766           0.8443
  2000           0.6284           0.7547           0.7819           0.7102           0.4372           0.8197
  2010           0.5984           0.7301           0.8038           0.6841           0.4050           0.7918
  2020           0.5835           0.7190           0.8094           0.6536           0.3959           0.7710
------------------------------------------------------------------------------------------------------------
  Mean           0.6268           0.7535           0.7767           0.7144           0.4392           0.8144
Median           0.6284           0.7547           0.7819           0.7102           0.4372           0.8197
   Min           0.5835           0.7190           0.7296           0.6536           0.3959           0.7710
   Max           0.6632           0.7830           0.8094           0.7719           0.4814           0.8451
   Std           0.0359           0.0289           0.0330           0.0484           0.0395           0.0326

White–POC Comparison
  Year           edge_1      half_edge_1          moran_P  dissimilarity_1      skew_self_1     skew_other_1
------------------------------------------------------------------------------------------------------------
  1980           0.6247           0.7545           0.7400           0.7144           0.4495           0.7999
  1990           0.6034           0.7384           0.7632           0.6739           0.4334           0.7733
  2000           0.5548           0.7012           0.7774           0.6079           0.4026           0.7069
  2010           0.5109           0.6679           0.7925           0.5546           0.3909           0.6309
  2020           0.4693           0.6349           0.7915           0.4869           0.3907           0.5479
------------------------------------------------------------------------------------------------------------
  Mean           0.5526           0.6994           0.7729           0.6075           0.4134           0.6918
Median           0.5548           0.7012           0.7774           0.6079           0.4026           0.7069
   Min           0.4693           0.6349           0.7400           0.4869           0.3907           0.5479
   Max           0.6247           0.7545           0.7925           0.7144           0.4495           0.7999
   Std           0.0641           0.0493           0.0219           0.0911           0.0266           0.1036
